0.001855 1.000000
0.001855 1.000000
0.001855 1.000000
0.001855 1.000000
0.001855 1.000000
0.001855 1.000000
0.001855 1.000000
0.001855 1.000000
0.001855 1.000000
0.001855 1.000000
0.001855 1.000000
0.001855 1.000000
0.001855 0.999999
0.001855 0.999999
0.001855 0.999999
0.001855 0.999999
0.001855 0.999998
0.001855 0.999998
0.001855 0.999997
0.001855 0.999996
0.001855 0.999996
0.001855 0.999995
0.001855 0.999994
0.001855 0.999992
0.001855 0.999991
0.001855 0.999989
0.001855 0.999987
0.001855 0.999985
0.001855 0.999983
0.001855 0.999981
0.001855 0.999978
0.001855 0.999975
0.001855 0.999971
0.001855 0.999967
0.001855 0.999963
0.001855 0.999959
0.001855 0.999954
0.001855 0.999948
0.001855 0.999943
0.001855 0.999936
0.001855 0.999929
0.001855 0.999922
0.001855 0.999914
0.001855 0.999906
0.001855 0.999897
0.001855 0.999887
0.001855 0.999877
0.001855 0.999865
0.001855 0.999854
0.001855 0.999841
0.001855 0.999828
0.001855 0.999814
0.001855 0.999798
0.001855 0.999783
0.001855 0.999766
0.001855 0.999748
0.001855 0.999729
0.001855 0.999709
0.001855 0.999688
0.001855 0.999666
0.001855 0.999643
0.001855 0.999618
0.001855 0.999593
0.001855 0.999566
0.001855 0.999538
0.001855 0.999508
0.001855 0.999477
0.001855 0.999445
0.001855 0.999411
0.001855 0.999375
0.001855 0.999338
0.001855 0.999300
0.001855 0.999259
0.001855 0.999217
0.001855 0.999174
0.001855 0.999128
0.001855 0.999081
0.001855 0.999031
0.001855 0.998980
0.001855 0.998927
0.001855 0.998872
0.001855 0.998814
0.001855 0.998754
0.001855 0.998693
0.001855 0.998628
0.001855 0.998562
0.001855 0.998493
0.001855 0.998422
0.001855 0.998348
0.001855 0.998272
0.001855 0.998193
0.001855 0.998111
0.001855 0.998027
0.001855 0.997940
0.001855 0.997850
0.001855 0.997757
0.001855 0.997661
0.001855 0.997563
0.001855 0.997461
0.001855 0.997355
0.001855 0.997247
0.001855 0.997136
0.001855 0.997021
0.001855 0.996902
0.001855 0.996780
0.001855 0.996655
0.001855 0.996526
0.001855 0.996393
0.001855 0.996257
0.001855 0.996116
0.001855 0.995972
0.001855 0.995824
0.001855 0.995672
0.001855 0.995515
0.001855 0.995355
0.001855 0.995190
0.001855 0.995021
0.001855 0.994848
0.001855 0.994670
0.001855 0.994487
0.001855 0.994300
0.001855 0.994108
0.001855 0.993912
0.001855 0.993710
0.001855 0.993504
0.001855 0.993292
0.001855 0.993076
0.001855 0.992854
0.001855 0.992627
0.001855 0.992395
0.001855 0.992158
0.001855 0.991914
0.001855 0.991666
0.001855 0.991411
0.001855 0.991151
0.001855 0.990885
0.001855 0.990614
0.001855 0.990336
0.001855 0.990052
0.001855 0.989762
0.001855 0.989466
0.001855 0.989163
0.001855 0.988854
0.001855 0.988539
0.001855 0.988217
0.001855 0.987888
0.001855 0.987553
0.001855 0.987210
0.001855 0.986861
0.001855 0.986505
0.001855 0.986141
0.001855 0.985771
0.001855 0.985393
0.001855 0.985007
0.001855 0.984615
0.001855 0.984214
0.001855 0.983806
0.001855 0.983391
0.001855 0.982967
0.001855 0.982536
0.001855 0.982096
0.001855 0.981648
0.001855 0.981193
0.001855 0.980728
0.001855 0.980256
0.001855 0.979775
0.001855 0.979285
0.001855 0.978787
0.001855 0.978280
0.001855 0.977764
0.001855 0.977239
0.001855 0.976705
0.001855 0.976162
0.001855 0.975610
0.001855 0.975048
0.001855 0.974477
0.001855 0.973896
0.001855 0.973306
0.001855 0.972706
0.001855 0.972096
0.001855 0.971476
0.001855 0.970846
0.001855 0.970207
0.001855 0.969557
0.001855 0.968896
0.001855 0.968225
0.001855 0.967544
0.001855 0.966852
0.001855 0.966150
0.001855 0.965437
0.001855 0.964712
0.001855 0.963977
0.001855 0.963231
0.001855 0.962474
0.001855 0.961705
0.001855 0.960925
0.001855 0.960134
0.001855 0.959331
0.001855 0.958516
0.001855 0.957690
0.001855 0.956852
0.001855 0.956002
0.001855 0.955140
0.001855 0.954265
0.001855 0.953379
0.001855 0.952480
0.001855 0.951569
0.001855 0.950646
0.001855 0.949710
0.001855 0.948761
0.001855 0.947800
0.001855 0.946825
0.001855 0.945838
0.001855 0.944838
0.001855 0.943824
0.001855 0.942798
0.001855 0.941758
0.001855 0.940705
0.001855 0.939638
0.001855 0.938558
0.001855 0.937464
0.001855 0.936357
0.001855 0.935235
0.001855 0.934100
0.001855 0.932951
0.001855 0.931787
0.001855 0.930610
0.001855 0.929418
0.001855 0.928212
0.001855 0.926992
0.001855 0.925757
0.001855 0.924508
0.001855 0.923244
0.001855 0.921966
0.001855 0.920672
0.001855 0.919364
0.001855 0.918041
0.001855 0.916703
0.001855 0.915350
0.001855 0.913981
0.001855 0.912598
0.001855 0.911199
0.001855 0.909785
0.001855 0.908356
0.001855 0.906911
0.001855 0.905450
0.001855 0.903974
0.001855 0.902482
0.001855 0.900975
0.001855 0.899452
0.001855 0.897912
0.001855 0.896357
0.001855 0.894787
0.001855 0.893200
0.001855 0.891597
0.001855 0.889977
0.001855 0.888342
0.001855 0.886691
0.001855 0.885023
0.001855 0.883339
0.001855 0.881638
0.001855 0.879921
0.001855 0.878188
0.001855 0.876438
0.001855 0.874672
0.001855 0.872889
0.001855 0.871089
0.001855 0.869273
0.001855 0.867441
0.001855 0.865591
0.001855 0.863725
0.001855 0.861842
0.001855 0.859942
0.001855 0.858025
0.001855 0.856092
0.001855 0.854142
0.001855 0.852174
0.001855 0.850190
0.001855 0.848189
0.001855 0.846172
0.001855 0.844137
0.001855 0.842085
0.001855 0.840016
0.001855 0.837931
0.001855 0.835828
0.001855 0.833708
0.001855 0.831572
0.001855 0.829418
0.001855 0.827248
0.001855 0.825060
0.001855 0.822856
0.001855 0.820634
0.001855 0.818396
0.001855 0.816141
0.001855 0.813869
0.001855 0.811580
0.001855 0.809274
0.001855 0.806951
0.001855 0.804612
0.001855 0.802255
0.001855 0.799882
0.001855 0.797492
0.001855 0.795086
0.001855 0.792663
0.001855 0.790223
0.001855 0.787767
0.001855 0.785294
0.001855 0.782805
0.001855 0.780299
0.001855 0.777777
0.001855 0.775238
0.001855 0.772683
0.001855 0.770112
0.001855 0.767525
0.001855 0.764922
0.001855 0.762303
0.001855 0.759668
0.001855 0.757016
0.001855 0.754349
0.001855 0.751667
0.001855 0.748968
0.001855 0.746254
0.001855 0.743525
0.001855 0.740780
0.001855 0.738020
0.001855 0.735244
0.001855 0.732454
0.001855 0.729648
0.001855 0.726827
0.001855 0.723992
0.001855 0.721141
0.001855 0.718276
0.001855 0.715397
0.001855 0.712503
0.001855 0.709595
0.001855 0.706672
0.001855 0.703736
0.001855 0.700785
0.001855 0.697821
0.001855 0.694843
0.001855 0.691851
0.001855 0.688846
0.001855 0.685827
0.001855 0.682796
0.001855 0.679751
0.001855 0.676693
0.001855 0.673623
0.001855 0.670540
0.001855 0.667444
0.001855 0.664337
0.001855 0.661217
0.001855 0.658085
0.001855 0.654941
0.001855 0.651785
0.001855 0.648618
0.001855 0.645440
0.001855 0.642250
0.001855 0.639049
0.001855 0.635838
0.001855 0.632615
0.001855 0.629383
0.001855 0.626140
0.001855 0.622886
0.001855 0.619623
0.001855 0.616350
0.001855 0.613068
0.001855 0.609776
0.001855 0.606475
0.001855 0.603165
0.001855 0.599846
0.001855 0.596518
0.001855 0.593182
0.001855 0.589838
0.001855 0.586486
0.001855 0.583126
0.001855 0.579759
0.001855 0.576384
0.001855 0.573002
0.001855 0.569613
0.001855 0.566217
0.001855 0.562815
0.001855 0.559406
0.001855 0.555992
0.001855 0.552572
0.001855 0.549146
0.001855 0.545714
0.001855 0.542278
0.001855 0.538836
0.001855 0.535390
0.001855 0.531940
0.001855 0.528485
0.001855 0.525026
0.001855 0.521564
0.001855 0.518098
0.001855 0.514629
0.001855 0.511156
0.001855 0.507681
0.001855 0.504204
0.001855 0.500724
0.001855 0.497242
0.001855 0.493758
0.001855 0.490273
0.001855 0.486786
0.001855 0.483299
0.001855 0.479811
0.001855 0.476322
0.001855 0.472832
0.001855 0.469343
0.001855 0.465854
0.001855 0.462366
0.001855 0.458878
0.001855 0.455391
0.001855 0.451906
0.001855 0.448422
0.001855 0.444939
0.001855 0.441459
0.001855 0.437981
0.001855 0.434505
0.001855 0.431033
0.001855 0.427563
0.001855 0.424097
0.001855 0.420634
0.001855 0.417175
0.001855 0.413720
0.001855 0.410269
0.001855 0.406823
0.001855 0.403382
0.001855 0.399946
0.001855 0.396515
0.001855 0.393090
0.001855 0.389671
0.001855 0.386258
0.001855 0.382851
0.001855 0.379451
0.001855 0.376057
0.001855 0.372671
0.001855 0.369293
0.001855 0.365921
0.001855 0.362558
0.001855 0.359203
0.001855 0.355856
0.001855 0.352518
0.001855 0.349189
0.001855 0.345868
0.001855 0.342557
0.001855 0.339256
0.001855 0.335964
0.001855 0.332683
0.001855 0.329412
0.001855 0.326151
0.001855 0.322901
0.001855 0.319662
0.001855 0.316434
0.001855 0.313218
0.001855 0.310013
0.001855 0.306820
0.001855 0.303639
0.001855 0.300471
0.001855 0.297315
0.001855 0.294172
